[14, array([[658.80315485,   0.        , 344.222275  ],
       [  0.        , 651.73143947, 204.76256924],
       [  0.        ,   0.        ,   1.        ]]), array([[ 0.02889422,  0.99923566, -0.00704983, -0.00359424, -3.09205318]]), array([[[-0.03129879],
        [ 0.06177594],
        [ 1.55978683]]]), array([[[ 8.912075  ],
        [-9.21180683],
        [75.67733018]]])][19, array([[658.80315485,   0.        , 344.222275  ],
       [  0.        , 651.73143947, 204.76256924],
       [  0.        ,   0.        ,   1.        ]]), array([[ 0.02889422,  0.99923566, -0.00704983, -0.00359424, -3.09205318]]), array([[[-0.03129879],
        [ 0.06177594],
        [ 1.55978683]]]), array([[[ 8.912075  ],
        [-9.21180683],
        [75.67733018]]])][22, array([[658.80315485,   0.        , 344.222275  ],
       [  0.        , 651.73143947, 204.76256924],
       [  0.        ,   0.        ,   1.        ]]), array([[ 0.02889422,  0.99923566, -0.00704983, -0.00359424, -3.09205318]]), array([[[-0.03129879],
        [ 0.06177594],
        [ 1.55978683]]]), array([[[ 8.912075  ],
        [-9.21180683],
        [75.67733018]]])][107, array([[658.80315485,   0.        , 344.222275  ],
       [  0.        , 651.73143947, 204.76256924],
       [  0.        ,   0.        ,   1.        ]]), array([[ 0.02889422,  0.99923566, -0.00704983, -0.00359424, -3.09205318]]), array([[[-0.03129879],
        [ 0.06177594],
        [ 1.55978683]]]), array([[[ 8.912075  ],
        [-9.21180683],
        [75.67733018]]])][108, array([[658.80315485,   0.        , 344.222275  ],
       [  0.        , 651.73143947, 204.76256924],
       [  0.        ,   0.        ,   1.        ]]), array([[ 0.02889422,  0.99923566, -0.00704983, -0.00359424, -3.09205318]]), array([[[-0.03129879],
        [ 0.06177594],
        [ 1.55978683]]]), array([[[ 8.912075  ],
        [-9.21180683],
        [75.67733018]]])][109, array([[658.80315485,   0.        , 344.222275  ],
       [  0.        , 651.73143947, 204.76256924],
       [  0.        ,   0.        ,   1.        ]]), array([[ 0.02889422,  0.99923566, -0.00704983, -0.00359424, -3.09205318]]), array([[[-0.03129879],
        [ 0.06177594],
        [ 1.55978683]]]), array([[[ 8.912075  ],
        [-9.21180683],
        [75.67733018]]])][110, array([[658.80315485,   0.        , 344.222275  ],
       [  0.        , 651.73143947, 204.76256924],
       [  0.        ,   0.        ,   1.        ]]), array([[ 0.02889422,  0.99923566, -0.00704983, -0.00359424, -3.09205318]]), array([[[-0.03129879],
        [ 0.06177594],
        [ 1.55978683]]]), array([[[ 8.912075  ],
        [-9.21180683],
        [75.67733018]]])][111, array([[658.80315485,   0.        , 344.222275  ],
       [  0.        , 651.73143947, 204.76256924],
       [  0.        ,   0.        ,   1.        ]]), array([[ 0.02889422,  0.99923566, -0.00704983, -0.00359424, -3.09205318]]), array([[[-0.03129879],
        [ 0.06177594],
        [ 1.55978683]]]), array([[[ 8.912075  ],
        [-9.21180683],
        [75.67733018]]])][112, array([[658.80315485,   0.        , 344.222275  ],
       [  0.        , 651.73143947, 204.76256924],
       [  0.        ,   0.        ,   1.        ]]), array([[ 0.02889422,  0.99923566, -0.00704983, -0.00359424, -3.09205318]]), array([[[-0.03129879],
        [ 0.06177594],
        [ 1.55978683]]]), array([[[ 8.912075  ],
        [-9.21180683],
        [75.67733018]]])][113, array([[658.80315485,   0.        , 344.222275  ],
       [  0.        , 651.73143947, 204.76256924],
       [  0.        ,   0.        ,   1.        ]]), array([[ 0.02889422,  0.99923566, -0.00704983, -0.00359424, -3.09205318]]), array([[[-0.03129879],
        [ 0.06177594],
        [ 1.55978683]]]), array([[[ 8.912075  ],
        [-9.21180683],
        [75.67733018]]])][114, array([[658.80315485,   0.        , 344.222275  ],
       [  0.        , 651.73143947, 204.76256924],
       [  0.        ,   0.        ,   1.        ]]), array([[ 0.02889422,  0.99923566, -0.00704983, -0.00359424, -3.09205318]]), array([[[-0.03129879],
        [ 0.06177594],
        [ 1.55978683]]]), array([[[ 8.912075  ],
        [-9.21180683],
        [75.67733018]]])][115, array([[658.80315485,   0.        , 344.222275  ],
       [  0.        , 651.73143947, 204.76256924],
       [  0.        ,   0.        ,   1.        ]]), array([[ 0.02889422,  0.99923566, -0.00704983, -0.00359424, -3.09205318]]), array([[[-0.03129879],
        [ 0.06177594],
        [ 1.55978683]]]), array([[[ 8.912075  ],
        [-9.21180683],
        [75.67733018]]])][116, array([[658.80315485,   0.        , 344.222275  ],
       [  0.        , 651.73143947, 204.76256924],
       [  0.        ,   0.        ,   1.        ]]), array([[ 0.02889422,  0.99923566, -0.00704983, -0.00359424, -3.09205318]]), array([[[-0.03129879],
        [ 0.06177594],
        [ 1.55978683]]]), array([[[ 8.912075  ],
        [-9.21180683],
        [75.67733018]]])][117, array([[658.80315485,   0.        , 344.222275  ],
       [  0.        , 651.73143947, 204.76256924],
       [  0.        ,   0.        ,   1.        ]]), array([[ 0.02889422,  0.99923566, -0.00704983, -0.00359424, -3.09205318]]), array([[[-0.03129879],
        [ 0.06177594],
        [ 1.55978683]]]), array([[[ 8.912075  ],
        [-9.21180683],
        [75.67733018]]])][118, array([[658.80315485,   0.        , 344.222275  ],
       [  0.        , 651.73143947, 204.76256924],
       [  0.        ,   0.        ,   1.        ]]), array([[ 0.02889422,  0.99923566, -0.00704983, -0.00359424, -3.09205318]]), array([[[-0.03129879],
        [ 0.06177594],
        [ 1.55978683]]]), array([[[ 8.912075  ],
        [-9.21180683],
        [75.67733018]]])][119, array([[658.80315485,   0.        , 344.222275  ],
       [  0.        , 651.73143947, 204.76256924],
       [  0.        ,   0.        ,   1.        ]]), array([[ 0.02889422,  0.99923566, -0.00704983, -0.00359424, -3.09205318]]), array([[[-0.03129879],
        [ 0.06177594],
        [ 1.55978683]]]), array([[[ 8.912075  ],
        [-9.21180683],
        [75.67733018]]])][120, array([[658.80315485,   0.        , 344.222275  ],
       [  0.        , 651.73143947, 204.76256924],
       [  0.        ,   0.        ,   1.        ]]), array([[ 0.02889422,  0.99923566, -0.00704983, -0.00359424, -3.09205318]]), array([[[-0.03129879],
        [ 0.06177594],
        [ 1.55978683]]]), array([[[ 8.912075  ],
        [-9.21180683],
        [75.67733018]]])][121, array([[658.80315485,   0.        , 344.222275  ],
       [  0.        , 651.73143947, 204.76256924],
       [  0.        ,   0.        ,   1.        ]]), array([[ 0.02889422,  0.99923566, -0.00704983, -0.00359424, -3.09205318]]), array([[[-0.03129879],
        [ 0.06177594],
        [ 1.55978683]]]), array([[[ 8.912075  ],
        [-9.21180683],
        [75.67733018]]])][122, array([[658.80315485,   0.        , 344.222275  ],
       [  0.        , 651.73143947, 204.76256924],
       [  0.        ,   0.        ,   1.        ]]), array([[ 0.02889422,  0.99923566, -0.00704983, -0.00359424, -3.09205318]]), array([[[-0.03129879],
        [ 0.06177594],
        [ 1.55978683]]]), array([[[ 8.912075  ],
        [-9.21180683],
        [75.67733018]]])][123, array([[658.80315485,   0.        , 344.222275  ],
       [  0.        , 651.73143947, 204.76256924],
       [  0.        ,   0.        ,   1.        ]]), array([[ 0.02889422,  0.99923566, -0.00704983, -0.00359424, -3.09205318]]), array([[[-0.03129879],
        [ 0.06177594],
        [ 1.55978683]]]), array([[[ 8.912075  ],
        [-9.21180683],
        [75.67733018]]])][124, array([[658.80315485,   0.        , 344.222275  ],
       [  0.        , 651.73143947, 204.76256924],
       [  0.        ,   0.        ,   1.        ]]), array([[ 0.02889422,  0.99923566, -0.00704983, -0.00359424, -3.09205318]]), array([[[-0.03129879],
        [ 0.06177594],
        [ 1.55978683]]]), array([[[ 8.912075  ],
        [-9.21180683],
        [75.67733018]]])][125, array([[658.80315485,   0.        , 344.222275  ],
       [  0.        , 651.73143947, 204.76256924],
       [  0.        ,   0.        ,   1.        ]]), array([[ 0.02889422,  0.99923566, -0.00704983, -0.00359424, -3.09205318]]), array([[[-0.03129879],
        [ 0.06177594],
        [ 1.55978683]]]), array([[[ 8.912075  ],
        [-9.21180683],
        [75.67733018]]])][126, array([[658.80315485,   0.        , 344.222275  ],
       [  0.        , 651.73143947, 204.76256924],
       [  0.        ,   0.        ,   1.        ]]), array([[ 0.02889422,  0.99923566, -0.00704983, -0.00359424, -3.09205318]]), array([[[-0.03129879],
        [ 0.06177594],
        [ 1.55978683]]]), array([[[ 8.912075  ],
        [-9.21180683],
        [75.67733018]]])][127, array([[658.80315485,   0.        , 344.222275  ],
       [  0.        , 651.73143947, 204.76256924],
       [  0.        ,   0.        ,   1.        ]]), array([[ 0.02889422,  0.99923566, -0.00704983, -0.00359424, -3.09205318]]), array([[[-0.03129879],
        [ 0.06177594],
        [ 1.55978683]]]), array([[[ 8.912075  ],
        [-9.21180683],
        [75.67733018]]])][128, array([[658.80315485,   0.        , 344.222275  ],
       [  0.        , 651.73143947, 204.76256924],
       [  0.        ,   0.        ,   1.        ]]), array([[ 0.02889422,  0.99923566, -0.00704983, -0.00359424, -3.09205318]]), array([[[-0.03129879],
        [ 0.06177594],
        [ 1.55978683]]]), array([[[ 8.912075  ],
        [-9.21180683],
        [75.67733018]]])][129, array([[658.80315485,   0.        , 344.222275  ],
       [  0.        , 651.73143947, 204.76256924],
       [  0.        ,   0.        ,   1.        ]]), array([[ 0.02889422,  0.99923566, -0.00704983, -0.00359424, -3.09205318]]), array([[[-0.03129879],
        [ 0.06177594],
        [ 1.55978683]]]), array([[[ 8.912075  ],
        [-9.21180683],
        [75.67733018]]])][130, array([[658.80315485,   0.        , 344.222275  ],
       [  0.        , 651.73143947, 204.76256924],
       [  0.        ,   0.        ,   1.        ]]), array([[ 0.02889422,  0.99923566, -0.00704983, -0.00359424, -3.09205318]]), array([[[-0.03129879],
        [ 0.06177594],
        [ 1.55978683]]]), array([[[ 8.912075  ],
        [-9.21180683],
        [75.67733018]]])][131, array([[658.80315485,   0.        , 344.222275  ],
       [  0.        , 651.73143947, 204.76256924],
       [  0.        ,   0.        ,   1.        ]]), array([[ 0.02889422,  0.99923566, -0.00704983, -0.00359424, -3.09205318]]), array([[[-0.03129879],
        [ 0.06177594],
        [ 1.55978683]]]), array([[[ 8.912075  ],
        [-9.21180683],
        [75.67733018]]])][132, array([[658.80315485,   0.        , 344.222275  ],
       [  0.        , 651.73143947, 204.76256924],
       [  0.        ,   0.        ,   1.        ]]), array([[ 0.02889422,  0.99923566, -0.00704983, -0.00359424, -3.09205318]]), array([[[-0.03129879],
        [ 0.06177594],
        [ 1.55978683]]]), array([[[ 8.912075  ],
        [-9.21180683],
        [75.67733018]]])][133, array([[658.80315485,   0.        , 344.222275  ],
       [  0.        , 651.73143947, 204.76256924],
       [  0.        ,   0.        ,   1.        ]]), array([[ 0.02889422,  0.99923566, -0.00704983, -0.00359424, -3.09205318]]), array([[[-0.03129879],
        [ 0.06177594],
        [ 1.55978683]]]), array([[[ 8.912075  ],
        [-9.21180683],
        [75.67733018]]])][134, array([[658.80315485,   0.        , 344.222275  ],
       [  0.        , 651.73143947, 204.76256924],
       [  0.        ,   0.        ,   1.        ]]), array([[ 0.02889422,  0.99923566, -0.00704983, -0.00359424, -3.09205318]]), array([[[-0.03129879],
        [ 0.06177594],
        [ 1.55978683]]]), array([[[ 8.912075  ],
        [-9.21180683],
        [75.67733018]]])][135, array([[658.80315485,   0.        , 344.222275  ],
       [  0.        , 651.73143947, 204.76256924],
       [  0.        ,   0.        ,   1.        ]]), array([[ 0.02889422,  0.99923566, -0.00704983, -0.00359424, -3.09205318]]), array([[[-0.03129879],
        [ 0.06177594],
        [ 1.55978683]]]), array([[[ 8.912075  ],
        [-9.21180683],
        [75.67733018]]])][136, array([[658.80315485,   0.        , 344.222275  ],
       [  0.        , 651.73143947, 204.76256924],
       [  0.        ,   0.        ,   1.        ]]), array([[ 0.02889422,  0.99923566, -0.00704983, -0.00359424, -3.09205318]]), array([[[-0.03129879],
        [ 0.06177594],
        [ 1.55978683]]]), array([[[ 8.912075  ],
        [-9.21180683],
        [75.67733018]]])][137, array([[658.80315485,   0.        , 344.222275  ],
       [  0.        , 651.73143947, 204.76256924],
       [  0.        ,   0.        ,   1.        ]]), array([[ 0.02889422,  0.99923566, -0.00704983, -0.00359424, -3.09205318]]), array([[[-0.03129879],
        [ 0.06177594],
        [ 1.55978683]]]), array([[[ 8.912075  ],
        [-9.21180683],
        [75.67733018]]])][138, array([[658.80315485,   0.        , 344.222275  ],
       [  0.        , 651.73143947, 204.76256924],
       [  0.        ,   0.        ,   1.        ]]), array([[ 0.02889422,  0.99923566, -0.00704983, -0.00359424, -3.09205318]]), array([[[-0.03129879],
        [ 0.06177594],
        [ 1.55978683]]]), array([[[ 8.912075  ],
        [-9.21180683],
        [75.67733018]]])][139, array([[658.80315485,   0.        , 344.222275  ],
       [  0.        , 651.73143947, 204.76256924],
       [  0.        ,   0.        ,   1.        ]]), array([[ 0.02889422,  0.99923566, -0.00704983, -0.00359424, -3.09205318]]), array([[[-0.03129879],
        [ 0.06177594],
        [ 1.55978683]]]), array([[[ 8.912075  ],
        [-9.21180683],
        [75.67733018]]])][140, array([[658.80315485,   0.        , 344.222275  ],
       [  0.        , 651.73143947, 204.76256924],
       [  0.        ,   0.        ,   1.        ]]), array([[ 0.02889422,  0.99923566, -0.00704983, -0.00359424, -3.09205318]]), array([[[-0.03129879],
        [ 0.06177594],
        [ 1.55978683]]]), array([[[ 8.912075  ],
        [-9.21180683],
        [75.67733018]]])][141, array([[658.80315485,   0.        , 344.222275  ],
       [  0.        , 651.73143947, 204.76256924],
       [  0.        ,   0.        ,   1.        ]]), array([[ 0.02889422,  0.99923566, -0.00704983, -0.00359424, -3.09205318]]), array([[[-0.03129879],
        [ 0.06177594],
        [ 1.55978683]]]), array([[[ 8.912075  ],
        [-9.21180683],
        [75.67733018]]])][142, array([[658.80315485,   0.        , 344.222275  ],
       [  0.        , 651.73143947, 204.76256924],
       [  0.        ,   0.        ,   1.        ]]), array([[ 0.02889422,  0.99923566, -0.00704983, -0.00359424, -3.09205318]]), array([[[-0.03129879],
        [ 0.06177594],
        [ 1.55978683]]]), array([[[ 8.912075  ],
        [-9.21180683],
        [75.67733018]]])][143, array([[658.80315485,   0.        , 344.222275  ],
       [  0.        , 651.73143947, 204.76256924],
       [  0.        ,   0.        ,   1.        ]]), array([[ 0.02889422,  0.99923566, -0.00704983, -0.00359424, -3.09205318]]), array([[[-0.03129879],
        [ 0.06177594],
        [ 1.55978683]]]), array([[[ 8.912075  ],
        [-9.21180683],
        [75.67733018]]])][144, array([[658.80315485,   0.        , 344.222275  ],
       [  0.        , 651.73143947, 204.76256924],
       [  0.        ,   0.        ,   1.        ]]), array([[ 0.02889422,  0.99923566, -0.00704983, -0.00359424, -3.09205318]]), array([[[-0.03129879],
        [ 0.06177594],
        [ 1.55978683]]]), array([[[ 8.912075  ],
        [-9.21180683],
        [75.67733018]]])][145, array([[658.80315485,   0.        , 344.222275  ],
       [  0.        , 651.73143947, 204.76256924],
       [  0.        ,   0.        ,   1.        ]]), array([[ 0.02889422,  0.99923566, -0.00704983, -0.00359424, -3.09205318]]), array([[[-0.03129879],
        [ 0.06177594],
        [ 1.55978683]]]), array([[[ 8.912075  ],
        [-9.21180683],
        [75.67733018]]])][146, array([[658.80315485,   0.        , 344.222275  ],
       [  0.        , 651.73143947, 204.76256924],
       [  0.        ,   0.        ,   1.        ]]), array([[ 0.02889422,  0.99923566, -0.00704983, -0.00359424, -3.09205318]]), array([[[-0.03129879],
        [ 0.06177594],
        [ 1.55978683]]]), array([[[ 8.912075  ],
        [-9.21180683],
        [75.67733018]]])][147, array([[658.80315485,   0.        , 344.222275  ],
       [  0.        , 651.73143947, 204.76256924],
       [  0.        ,   0.        ,   1.        ]]), array([[ 0.02889422,  0.99923566, -0.00704983, -0.00359424, -3.09205318]]), array([[[-0.03129879],
        [ 0.06177594],
        [ 1.55978683]]]), array([[[ 8.912075  ],
        [-9.21180683],
        [75.67733018]]])][148, array([[658.80315485,   0.        , 344.222275  ],
       [  0.        , 651.73143947, 204.76256924],
       [  0.        ,   0.        ,   1.        ]]), array([[ 0.02889422,  0.99923566, -0.00704983, -0.00359424, -3.09205318]]), array([[[-0.03129879],
        [ 0.06177594],
        [ 1.55978683]]]), array([[[ 8.912075  ],
        [-9.21180683],
        [75.67733018]]])][149, array([[658.80315485,   0.        , 344.222275  ],
       [  0.        , 651.73143947, 204.76256924],
       [  0.        ,   0.        ,   1.        ]]), array([[ 0.02889422,  0.99923566, -0.00704983, -0.00359424, -3.09205318]]), array([[[-0.03129879],
        [ 0.06177594],
        [ 1.55978683]]]), array([[[ 8.912075  ],
        [-9.21180683],
        [75.67733018]]])][150, array([[658.80315485,   0.        , 344.222275  ],
       [  0.        , 651.73143947, 204.76256924],
       [  0.        ,   0.        ,   1.        ]]), array([[ 0.02889422,  0.99923566, -0.00704983, -0.00359424, -3.09205318]]), array([[[-0.03129879],
        [ 0.06177594],
        [ 1.55978683]]]), array([[[ 8.912075  ],
        [-9.21180683],
        [75.67733018]]])][151, array([[658.80315485,   0.        , 344.222275  ],
       [  0.        , 651.73143947, 204.76256924],
       [  0.        ,   0.        ,   1.        ]]), array([[ 0.02889422,  0.99923566, -0.00704983, -0.00359424, -3.09205318]]), array([[[-0.03129879],
        [ 0.06177594],
        [ 1.55978683]]]), array([[[ 8.912075  ],
        [-9.21180683],
        [75.67733018]]])][152, array([[658.80315485,   0.        , 344.222275  ],
       [  0.        , 651.73143947, 204.76256924],
       [  0.        ,   0.        ,   1.        ]]), array([[ 0.02889422,  0.99923566, -0.00704983, -0.00359424, -3.09205318]]), array([[[-0.03129879],
        [ 0.06177594],
        [ 1.55978683]]]), array([[[ 8.912075  ],
        [-9.21180683],
        [75.67733018]]])][153, array([[658.80315485,   0.        , 344.222275  ],
       [  0.        , 651.73143947, 204.76256924],
       [  0.        ,   0.        ,   1.        ]]), array([[ 0.02889422,  0.99923566, -0.00704983, -0.00359424, -3.09205318]]), array([[[-0.03129879],
        [ 0.06177594],
        [ 1.55978683]]]), array([[[ 8.912075  ],
        [-9.21180683],
        [75.67733018]]])][154, array([[658.80315485,   0.        , 344.222275  ],
       [  0.        , 651.73143947, 204.76256924],
       [  0.        ,   0.        ,   1.        ]]), array([[ 0.02889422,  0.99923566, -0.00704983, -0.00359424, -3.09205318]]), array([[[-0.03129879],
        [ 0.06177594],
        [ 1.55978683]]]), array([[[ 8.912075  ],
        [-9.21180683],
        [75.67733018]]])][155, array([[658.80315485,   0.        , 344.222275  ],
       [  0.        , 651.73143947, 204.76256924],
       [  0.        ,   0.        ,   1.        ]]), array([[ 0.02889422,  0.99923566, -0.00704983, -0.00359424, -3.09205318]]), array([[[-0.03129879],
        [ 0.06177594],
        [ 1.55978683]]]), array([[[ 8.912075  ],
        [-9.21180683],
        [75.67733018]]])][156, array([[658.80315485,   0.        , 344.222275  ],
       [  0.        , 651.73143947, 204.76256924],
       [  0.        ,   0.        ,   1.        ]]), array([[ 0.02889422,  0.99923566, -0.00704983, -0.00359424, -3.09205318]]), array([[[-0.03129879],
        [ 0.06177594],
        [ 1.55978683]]]), array([[[ 8.912075  ],
        [-9.21180683],
        [75.67733018]]])][157, array([[658.80315485,   0.        , 344.222275  ],
       [  0.        , 651.73143947, 204.76256924],
       [  0.        ,   0.        ,   1.        ]]), array([[ 0.02889422,  0.99923566, -0.00704983, -0.00359424, -3.09205318]]), array([[[-0.03129879],
        [ 0.06177594],
        [ 1.55978683]]]), array([[[ 8.912075  ],
        [-9.21180683],
        [75.67733018]]])][158, array([[658.80315485,   0.        , 344.222275  ],
       [  0.        , 651.73143947, 204.76256924],
       [  0.        ,   0.        ,   1.        ]]), array([[ 0.02889422,  0.99923566, -0.00704983, -0.00359424, -3.09205318]]), array([[[-0.03129879],
        [ 0.06177594],
        [ 1.55978683]]]), array([[[ 8.912075  ],
        [-9.21180683],
        [75.67733018]]])][159, array([[658.80315485,   0.        , 344.222275  ],
       [  0.        , 651.73143947, 204.76256924],
       [  0.        ,   0.        ,   1.        ]]), array([[ 0.02889422,  0.99923566, -0.00704983, -0.00359424, -3.09205318]]), array([[[-0.03129879],
        [ 0.06177594],
        [ 1.55978683]]]), array([[[ 8.912075  ],
        [-9.21180683],
        [75.67733018]]])][160, array([[658.80315485,   0.        , 344.222275  ],
       [  0.        , 651.73143947, 204.76256924],
       [  0.        ,   0.        ,   1.        ]]), array([[ 0.02889422,  0.99923566, -0.00704983, -0.00359424, -3.09205318]]), array([[[-0.03129879],
        [ 0.06177594],
        [ 1.55978683]]]), array([[[ 8.912075  ],
        [-9.21180683],
        [75.67733018]]])][161, array([[658.80315485,   0.        , 344.222275  ],
       [  0.        , 651.73143947, 204.76256924],
       [  0.        ,   0.        ,   1.        ]]), array([[ 0.02889422,  0.99923566, -0.00704983, -0.00359424, -3.09205318]]), array([[[-0.03129879],
        [ 0.06177594],
        [ 1.55978683]]]), array([[[ 8.912075  ],
        [-9.21180683],
        [75.67733018]]])][162, array([[658.80315485,   0.        , 344.222275  ],
       [  0.        , 651.73143947, 204.76256924],
       [  0.        ,   0.        ,   1.        ]]), array([[ 0.02889422,  0.99923566, -0.00704983, -0.00359424, -3.09205318]]), array([[[-0.03129879],
        [ 0.06177594],
        [ 1.55978683]]]), array([[[ 8.912075  ],
        [-9.21180683],
        [75.67733018]]])][163, array([[658.80315485,   0.        , 344.222275  ],
       [  0.        , 651.73143947, 204.76256924],
       [  0.        ,   0.        ,   1.        ]]), array([[ 0.02889422,  0.99923566, -0.00704983, -0.00359424, -3.09205318]]), array([[[-0.03129879],
        [ 0.06177594],
        [ 1.55978683]]]), array([[[ 8.912075  ],
        [-9.21180683],
        [75.67733018]]])][164, array([[658.80315485,   0.        , 344.222275  ],
       [  0.        , 651.73143947, 204.76256924],
       [  0.        ,   0.        ,   1.        ]]), array([[ 0.02889422,  0.99923566, -0.00704983, -0.00359424, -3.09205318]]), array([[[-0.03129879],
        [ 0.06177594],
        [ 1.55978683]]]), array([[[ 8.912075  ],
        [-9.21180683],
        [75.67733018]]])][165, array([[658.80315485,   0.        , 344.222275  ],
       [  0.        , 651.73143947, 204.76256924],
       [  0.        ,   0.        ,   1.        ]]), array([[ 0.02889422,  0.99923566, -0.00704983, -0.00359424, -3.09205318]]), array([[[-0.03129879],
        [ 0.06177594],
        [ 1.55978683]]]), array([[[ 8.912075  ],
        [-9.21180683],
        [75.67733018]]])][166, array([[658.80315485,   0.        , 344.222275  ],
       [  0.        , 651.73143947, 204.76256924],
       [  0.        ,   0.        ,   1.        ]]), array([[ 0.02889422,  0.99923566, -0.00704983, -0.00359424, -3.09205318]]), array([[[-0.03129879],
        [ 0.06177594],
        [ 1.55978683]]]), array([[[ 8.912075  ],
        [-9.21180683],
        [75.67733018]]])][167, array([[658.80315485,   0.        , 344.222275  ],
       [  0.        , 651.73143947, 204.76256924],
       [  0.        ,   0.        ,   1.        ]]), array([[ 0.02889422,  0.99923566, -0.00704983, -0.00359424, -3.09205318]]), array([[[-0.03129879],
        [ 0.06177594],
        [ 1.55978683]]]), array([[[ 8.912075  ],
        [-9.21180683],
        [75.67733018]]])][168, array([[658.80315485,   0.        , 344.222275  ],
       [  0.        , 651.73143947, 204.76256924],
       [  0.        ,   0.        ,   1.        ]]), array([[ 0.02889422,  0.99923566, -0.00704983, -0.00359424, -3.09205318]]), array([[[-0.03129879],
        [ 0.06177594],
        [ 1.55978683]]]), array([[[ 8.912075  ],
        [-9.21180683],
        [75.67733018]]])][169, array([[658.80315485,   0.        , 344.222275  ],
       [  0.        , 651.73143947, 204.76256924],
       [  0.        ,   0.        ,   1.        ]]), array([[ 0.02889422,  0.99923566, -0.00704983, -0.00359424, -3.09205318]]), array([[[-0.03129879],
        [ 0.06177594],
        [ 1.55978683]]]), array([[[ 8.912075  ],
        [-9.21180683],
        [75.67733018]]])][170, array([[658.80315485,   0.        , 344.222275  ],
       [  0.        , 651.73143947, 204.76256924],
       [  0.        ,   0.        ,   1.        ]]), array([[ 0.02889422,  0.99923566, -0.00704983, -0.00359424, -3.09205318]]), array([[[-0.03129879],
        [ 0.06177594],
        [ 1.55978683]]]), array([[[ 8.912075  ],
        [-9.21180683],
        [75.67733018]]])][171, array([[658.80315485,   0.        , 344.222275  ],
       [  0.        , 651.73143947, 204.76256924],
       [  0.        ,   0.        ,   1.        ]]), array([[ 0.02889422,  0.99923566, -0.00704983, -0.00359424, -3.09205318]]), array([[[-0.03129879],
        [ 0.06177594],
        [ 1.55978683]]]), array([[[ 8.912075  ],
        [-9.21180683],
        [75.67733018]]])][172, array([[658.80315485,   0.        , 344.222275  ],
       [  0.        , 651.73143947, 204.76256924],
       [  0.        ,   0.        ,   1.        ]]), array([[ 0.02889422,  0.99923566, -0.00704983, -0.00359424, -3.09205318]]), array([[[-0.03129879],
        [ 0.06177594],
        [ 1.55978683]]]), array([[[ 8.912075  ],
        [-9.21180683],
        [75.67733018]]])][173, array([[658.80315485,   0.        , 344.222275  ],
       [  0.        , 651.73143947, 204.76256924],
       [  0.        ,   0.        ,   1.        ]]), array([[ 0.02889422,  0.99923566, -0.00704983, -0.00359424, -3.09205318]]), array([[[-0.03129879],
        [ 0.06177594],
        [ 1.55978683]]]), array([[[ 8.912075  ],
        [-9.21180683],
        [75.67733018]]])][174, array([[658.80315485,   0.        , 344.222275  ],
       [  0.        , 651.73143947, 204.76256924],
       [  0.        ,   0.        ,   1.        ]]), array([[ 0.02889422,  0.99923566, -0.00704983, -0.00359424, -3.09205318]]), array([[[-0.03129879],
        [ 0.06177594],
        [ 1.55978683]]]), array([[[ 8.912075  ],
        [-9.21180683],
        [75.67733018]]])][175, array([[658.80315485,   0.        , 344.222275  ],
       [  0.        , 651.73143947, 204.76256924],
       [  0.        ,   0.        ,   1.        ]]), array([[ 0.02889422,  0.99923566, -0.00704983, -0.00359424, -3.09205318]]), array([[[-0.03129879],
        [ 0.06177594],
        [ 1.55978683]]]), array([[[ 8.912075  ],
        [-9.21180683],
        [75.67733018]]])][176, array([[658.80315485,   0.        , 344.222275  ],
       [  0.        , 651.73143947, 204.76256924],
       [  0.        ,   0.        ,   1.        ]]), array([[ 0.02889422,  0.99923566, -0.00704983, -0.00359424, -3.09205318]]), array([[[-0.03129879],
        [ 0.06177594],
        [ 1.55978683]]]), array([[[ 8.912075  ],
        [-9.21180683],
        [75.67733018]]])][177, array([[658.80315485,   0.        , 344.222275  ],
       [  0.        , 651.73143947, 204.76256924],
       [  0.        ,   0.        ,   1.        ]]), array([[ 0.02889422,  0.99923566, -0.00704983, -0.00359424, -3.09205318]]), array([[[-0.03129879],
        [ 0.06177594],
        [ 1.55978683]]]), array([[[ 8.912075  ],
        [-9.21180683],
        [75.67733018]]])][178, array([[658.80315485,   0.        , 344.222275  ],
       [  0.        , 651.73143947, 204.76256924],
       [  0.        ,   0.        ,   1.        ]]), array([[ 0.02889422,  0.99923566, -0.00704983, -0.00359424, -3.09205318]]), array([[[-0.03129879],
        [ 0.06177594],
        [ 1.55978683]]]), array([[[ 8.912075  ],
        [-9.21180683],
        [75.67733018]]])][179, array([[658.80315485,   0.        , 344.222275  ],
       [  0.        , 651.73143947, 204.76256924],
       [  0.        ,   0.        ,   1.        ]]), array([[ 0.02889422,  0.99923566, -0.00704983, -0.00359424, -3.09205318]]), array([[[-0.03129879],
        [ 0.06177594],
        [ 1.55978683]]]), array([[[ 8.912075  ],
        [-9.21180683],
        [75.67733018]]])][180, array([[658.80315485,   0.        , 344.222275  ],
       [  0.        , 651.73143947, 204.76256924],
       [  0.        ,   0.        ,   1.        ]]), array([[ 0.02889422,  0.99923566, -0.00704983, -0.00359424, -3.09205318]]), array([[[-0.03129879],
        [ 0.06177594],
        [ 1.55978683]]]), array([[[ 8.912075  ],
        [-9.21180683],
        [75.67733018]]])][181, array([[658.80315485,   0.        , 344.222275  ],
       [  0.        , 651.73143947, 204.76256924],
       [  0.        ,   0.        ,   1.        ]]), array([[ 0.02889422,  0.99923566, -0.00704983, -0.00359424, -3.09205318]]), array([[[-0.03129879],
        [ 0.06177594],
        [ 1.55978683]]]), array([[[ 8.912075  ],
        [-9.21180683],
        [75.67733018]]])][182, array([[658.80315485,   0.        , 344.222275  ],
       [  0.        , 651.73143947, 204.76256924],
       [  0.        ,   0.        ,   1.        ]]), array([[ 0.02889422,  0.99923566, -0.00704983, -0.00359424, -3.09205318]]), array([[[-0.03129879],
        [ 0.06177594],
        [ 1.55978683]]]), array([[[ 8.912075  ],
        [-9.21180683],
        [75.67733018]]])][183, array([[658.80315485,   0.        , 344.222275  ],
       [  0.        , 651.73143947, 204.76256924],
       [  0.        ,   0.        ,   1.        ]]), array([[ 0.02889422,  0.99923566, -0.00704983, -0.00359424, -3.09205318]]), array([[[-0.03129879],
        [ 0.06177594],
        [ 1.55978683]]]), array([[[ 8.912075  ],
        [-9.21180683],
        [75.67733018]]])][184, array([[658.80315485,   0.        , 344.222275  ],
       [  0.        , 651.73143947, 204.76256924],
       [  0.        ,   0.        ,   1.        ]]), array([[ 0.02889422,  0.99923566, -0.00704983, -0.00359424, -3.09205318]]), array([[[-0.03129879],
        [ 0.06177594],
        [ 1.55978683]]]), array([[[ 8.912075  ],
        [-9.21180683],
        [75.67733018]]])][185, array([[658.80315485,   0.        , 344.222275  ],
       [  0.        , 651.73143947, 204.76256924],
       [  0.        ,   0.        ,   1.        ]]), array([[ 0.02889422,  0.99923566, -0.00704983, -0.00359424, -3.09205318]]), array([[[-0.03129879],
        [ 0.06177594],
        [ 1.55978683]]]), array([[[ 8.912075  ],
        [-9.21180683],
        [75.67733018]]])][186, array([[658.80315485,   0.        , 344.222275  ],
       [  0.        , 651.73143947, 204.76256924],
       [  0.        ,   0.        ,   1.        ]]), array([[ 0.02889422,  0.99923566, -0.00704983, -0.00359424, -3.09205318]]), array([[[-0.03129879],
        [ 0.06177594],
        [ 1.55978683]]]), array([[[ 8.912075  ],
        [-9.21180683],
        [75.67733018]]])][187, array([[658.80315485,   0.        , 344.222275  ],
       [  0.        , 651.73143947, 204.76256924],
       [  0.        ,   0.        ,   1.        ]]), array([[ 0.02889422,  0.99923566, -0.00704983, -0.00359424, -3.09205318]]), array([[[-0.03129879],
        [ 0.06177594],
        [ 1.55978683]]]), array([[[ 8.912075  ],
        [-9.21180683],
        [75.67733018]]])][188, array([[658.80315485,   0.        , 344.222275  ],
       [  0.        , 651.73143947, 204.76256924],
       [  0.        ,   0.        ,   1.        ]]), array([[ 0.02889422,  0.99923566, -0.00704983, -0.00359424, -3.09205318]]), array([[[-0.03129879],
        [ 0.06177594],
        [ 1.55978683]]]), array([[[ 8.912075  ],
        [-9.21180683],
        [75.67733018]]])][189, array([[658.80315485,   0.        , 344.222275  ],
       [  0.        , 651.73143947, 204.76256924],
       [  0.        ,   0.        ,   1.        ]]), array([[ 0.02889422,  0.99923566, -0.00704983, -0.00359424, -3.09205318]]), array([[[-0.03129879],
        [ 0.06177594],
        [ 1.55978683]]]), array([[[ 8.912075  ],
        [-9.21180683],
        [75.67733018]]])]