9 camera [[658.80315485   0.         344.222275  ]
 [  0.         651.73143947 204.76256924]
 [  0.           0.           1.        ]]
ndistortion [[ 0.02889422  0.99923566 -0.00704983 -0.00359424 -3.09205318]]
rotation_vec [[[-0.03129879]
  [ 0.06177594]
  [ 1.55978683]]]
translation_vec [[[ 8.912075  ]
  [-9.21180683]
  [75.67733018]]]
10 camera [[658.80315485   0.         344.222275  ]
 [  0.         651.73143947 204.76256924]
 [  0.           0.           1.        ]]
ndistortion [[ 0.02889422  0.99923566 -0.00704983 -0.00359424 -3.09205318]]
rotation_vec [[[-0.03129879]
  [ 0.06177594]
  [ 1.55978683]]]
translation_vec [[[ 8.912075  ]
  [-9.21180683]
  [75.67733018]]]
11 camera [[658.80315485   0.         344.222275  ]
 [  0.         651.73143947 204.76256924]
 [  0.           0.           1.        ]] 
ndistortion [[ 0.02889422  0.99923566 -0.00704983 -0.00359424 -3.09205318]]
rotation_vec [[[-0.03129879]
  [ 0.06177594]
  [ 1.55978683]]] 
translation_vec [[[ 8.912075  ]
  [-9.21180683]
  [75.67733018]]]
12 camera [[658.80315485   0.         344.222275  ]
 [  0.         651.73143947 204.76256924]
 [  0.           0.           1.        ]]
ndistortion [[ 0.02889422  0.99923566 -0.00704983 -0.00359424 -3.09205318]]
rotation_vec [[[-0.03129879]
  [ 0.06177594]
  [ 1.55978683]]] 
translation_vec [[[ 8.912075  ]
  [-9.21180683]
  [75.67733018]]]
13 camera [[658.80315485   0.         344.222275  ]
 [  0.         651.73143947 204.76256924]
 [  0.           0.           1.        ]]
ndistortion [[ 0.02889422  0.99923566 -0.00704983 -0.00359424 -3.09205318]] 
rotation_vec [[[-0.03129879]
  [ 0.06177594]
  [ 1.55978683]]]
translation_vec [[[ 8.912075  ]
  [-9.21180683]
  [75.67733018]]]
14 camera [[658.80315485   0.         344.222275  ]
 [  0.         651.73143947 204.76256924]
 [  0.           0.           1.        ]]
ndistortion [[ 0.02889422  0.99923566 -0.00704983 -0.00359424 -3.09205318]]
rotation_vec [[[-0.03129879]
  [ 0.06177594]
  [ 1.55978683]]]
translation_vec [[[ 8.912075  ]
  [-9.21180683]
  [75.67733018]]]
15 camera [[658.80315485   0.         344.222275  ]
 [  0.         651.73143947 204.76256924]
 [  0.           0.           1.        ]]
ndistortion [[ 0.02889422  0.99923566 -0.00704983 -0.00359424 -3.09205318]] 
rotation_vec [[[-0.03129879]
  [ 0.06177594]
  [ 1.55978683]]]
translation_vec [[[ 8.912075  ]
  [-9.21180683]
  [75.67733018]]]
16 camera [[658.80315485   0.         344.222275  ]
 [  0.         651.73143947 204.76256924]
 [  0.           0.           1.        ]]
ndistortion [[ 0.02889422  0.99923566 -0.00704983 -0.00359424 -3.09205318]]
rotation_vec [[[-0.03129879]
  [ 0.06177594]
  [ 1.55978683]]] 
translation_vec [[[ 8.912075  ]
  [-9.21180683]
  [75.67733018]]]
17 camera [[658.80315485   0.         344.222275  ]
 [  0.         651.73143947 204.76256924]
 [  0.           0.           1.        ]]
ndistortion [[ 0.02889422  0.99923566 -0.00704983 -0.00359424 -3.09205318]]
rotation_vec [[[-0.03129879]
  [ 0.06177594]
  [ 1.55978683]]]
translation_vec [[[ 8.912075  ]
  [-9.21180683]
  [75.67733018]]]
18 camera [[658.80315485   0.         344.222275  ]
 [  0.         651.73143947 204.76256924]
 [  0.           0.           1.        ]]
ndistortion [[ 0.02889422  0.99923566 -0.00704983 -0.00359424 -3.09205318]]
rotation_vec [[[-0.03129879]
  [ 0.06177594]
  [ 1.55978683]]] 
translation_vec [[[ 8.912075  ]
  [-9.21180683]
  [75.67733018]]]
19 camera [[658.80315485   0.         344.222275  ]
 [  0.         651.73143947 204.76256924]
 [  0.           0.           1.        ]]
ndistortion [[ 0.02889422  0.99923566 -0.00704983 -0.00359424 -3.09205318]]
rotation_vec [[[-0.03129879]
  [ 0.06177594]
  [ 1.55978683]]] 
translation_vec [[[ 8.912075  ]
  [-9.21180683]
  [75.67733018]]]
20 camera [[658.80315485   0.         344.222275  ]
 [  0.         651.73143947 204.76256924]
 [  0.           0.           1.        ]]
ndistortion [[ 0.02889422  0.99923566 -0.00704983 -0.00359424 -3.09205318]]
rotation_vec [[[-0.03129879]
  [ 0.06177594]
  [ 1.55978683]]]
translation_vec [[[ 8.912075  ]
  [-9.21180683]
  [75.67733018]]]
21 camera [[658.80315485   0.         344.222275  ]
 [  0.         651.73143947 204.76256924]
 [  0.           0.           1.        ]]
ndistortion [[ 0.02889422  0.99923566 -0.00704983 -0.00359424 -3.09205318]]
rotation_vec [[[-0.03129879]
  [ 0.06177594]
  [ 1.55978683]]]
translation_vec [[[ 8.912075  ]
  [-9.21180683]
  [75.67733018]]]
22 camera [[658.80315485   0.         344.222275  ]
 [  0.         651.73143947 204.76256924]
 [  0.           0.           1.        ]]
ndistortion [[ 0.02889422  0.99923566 -0.00704983 -0.00359424 -3.09205318]]
rotation_vec [[[-0.03129879]
  [ 0.06177594]
  [ 1.55978683]]] 
translation_vec [[[ 8.912075  ]
  [-9.21180683]
  [75.67733018]]]
23 camera [[658.80315485   0.         344.222275  ]
 [  0.         651.73143947 204.76256924]
 [  0.           0.           1.        ]]
ndistortion [[ 0.02889422  0.99923566 -0.00704983 -0.00359424 -3.09205318]]
rotation_vec [[[-0.03129879]
  [ 0.06177594]
  [ 1.55978683]]]
translation_vec [[[ 8.912075  ]
  [-9.21180683]
  [75.67733018]]]
24 camera [[658.80315485   0.         344.222275  ]
 [  0.         651.73143947 204.76256924]
 [  0.           0.           1.        ]]
ndistortion [[ 0.02889422  0.99923566 -0.00704983 -0.00359424 -3.09205318]]
rotation_vec [[[-0.03129879]
  [ 0.06177594]
  [ 1.55978683]]]
translation_vec [[[ 8.912075  ]
  [-9.21180683]
  [75.67733018]]]
25 camera [[658.80315485   0.         344.222275  ]
 [  0.         651.73143947 204.76256924]
 [  0.           0.           1.        ]]
ndistortion [[ 0.02889422  0.99923566 -0.00704983 -0.00359424 -3.09205318]]
rotation_vec [[[-0.03129879]
  [ 0.06177594]
  [ 1.55978683]]]
translation_vec [[[ 8.912075  ]
  [-9.21180683]
  [75.67733018]]]
26 camera [[658.80315485   0.         344.222275  ]
 [  0.         651.73143947 204.76256924]
 [  0.           0.           1.        ]]
ndistortion [[ 0.02889422  0.99923566 -0.00704983 -0.00359424 -3.09205318]]
rotation_vec [[[-0.03129879]
  [ 0.06177594]
  [ 1.55978683]]]
translation_vec [[[ 8.912075  ]
  [-9.21180683]
  [75.67733018]]]
27 camera [[658.80315485   0.         344.222275  ]
 [  0.         651.73143947 204.76256924]
 [  0.           0.           1.        ]]
ndistortion [[ 0.02889422  0.99923566 -0.00704983 -0.00359424 -3.09205318]]
rotation_vec [[[-0.03129879]
  [ 0.06177594]
  [ 1.55978683]]]
translation_vec [[[ 8.912075  ]
  [-9.21180683]
  [75.67733018]]]
28 camera [[658.80315485   0.         344.222275  ]
 [  0.         651.73143947 204.76256924]
 [  0.           0.           1.        ]]
ndistortion [[ 0.02889422  0.99923566 -0.00704983 -0.00359424 -3.09205318]]
rotation_vec [[[-0.03129879]
  [ 0.06177594]
  [ 1.55978683]]] 
translation_vec [[[ 8.912075  ]
  [-9.21180683]
  [75.67733018]]]
29 camera [[658.80315485   0.         344.222275  ]
 [  0.         651.73143947 204.76256924]
 [  0.           0.           1.        ]]
ndistortion [[ 0.02889422  0.99923566 -0.00704983 -0.00359424 -3.09205318]]
rotation_vec [[[-0.03129879]
  [ 0.06177594]
  [ 1.55978683]]] 
translation_vec [[[ 8.912075  ]
  [-9.21180683]
  [75.67733018]]]
30 camera [[658.80315485   0.         344.222275  ]
 [  0.         651.73143947 204.76256924]
 [  0.           0.           1.        ]]
ndistortion [[ 0.02889422  0.99923566 -0.00704983 -0.00359424 -3.09205318]]
rotation_vec [[[-0.03129879]
  [ 0.06177594]
  [ 1.55978683]]]
translation_vec [[[ 8.912075  ]
  [-9.21180683]
  [75.67733018]]]
31 camera [[658.80315485   0.         344.222275  ]
 [  0.         651.73143947 204.76256924]
 [  0.           0.           1.        ]]
ndistortion [[ 0.02889422  0.99923566 -0.00704983 -0.00359424 -3.09205318]]
rotation_vec [[[-0.03129879]
  [ 0.06177594]
  [ 1.55978683]]]
translation_vec [[[ 8.912075  ]
  [-9.21180683]
  [75.67733018]]]
32 camera [[658.80315485   0.         344.222275  ]
 [  0.         651.73143947 204.76256924]
 [  0.           0.           1.        ]]
ndistortion [[ 0.02889422  0.99923566 -0.00704983 -0.00359424 -3.09205318]] 
rotation_vec [[[-0.03129879]
  [ 0.06177594]
  [ 1.55978683]]]
translation_vec [[[ 8.912075  ]
  [-9.21180683]
  [75.67733018]]]
33 camera [[658.80315485   0.         344.222275  ]
 [  0.         651.73143947 204.76256924]
 [  0.           0.           1.        ]] 
ndistortion [[ 0.02889422  0.99923566 -0.00704983 -0.00359424 -3.09205318]]
rotation_vec [[[-0.03129879]
  [ 0.06177594]
  [ 1.55978683]]]
translation_vec [[[ 8.912075  ]
  [-9.21180683]
  [75.67733018]]]
34 camera [[658.80315485   0.         344.222275  ]
 [  0.         651.73143947 204.76256924]
 [  0.           0.           1.        ]]
ndistortion [[ 0.02889422  0.99923566 -0.00704983 -0.00359424 -3.09205318]]
rotation_vec [[[-0.03129879]
  [ 0.06177594]
  [ 1.55978683]]]
translation_vec [[[ 8.912075  ]
  [-9.21180683]
  [75.67733018]]]
35 camera [[658.80315485   0.         344.222275  ]
 [  0.         651.73143947 204.76256924]
 [  0.           0.           1.        ]] 
ndistortion [[ 0.02889422  0.99923566 -0.00704983 -0.00359424 -3.09205318]]
rotation_vec [[[-0.03129879]
  [ 0.06177594]
  [ 1.55978683]]]
translation_vec [[[ 8.912075  ]
  [-9.21180683]
  [75.67733018]]]
36 camera [[658.80315485   0.         344.222275  ]
 [  0.         651.73143947 204.76256924]
 [  0.           0.           1.        ]]
ndistortion [[ 0.02889422  0.99923566 -0.00704983 -0.00359424 -3.09205318]]
rotation_vec [[[-0.03129879]
  [ 0.06177594]
  [ 1.55978683]]]
translation_vec [[[ 8.912075  ]
  [-9.21180683]
  [75.67733018]]]
37 camera [[658.80315485   0.         344.222275  ]
 [  0.         651.73143947 204.76256924]
 [  0.           0.           1.        ]]
ndistortion [[ 0.02889422  0.99923566 -0.00704983 -0.00359424 -3.09205318]]
rotation_vec [[[-0.03129879]
  [ 0.06177594]
  [ 1.55978683]]]
translation_vec [[[ 8.912075  ]
  [-9.21180683]
  [75.67733018]]]
38 camera [[658.80315485   0.         344.222275  ]
 [  0.         651.73143947 204.76256924]
 [  0.           0.           1.        ]]
ndistortion [[ 0.02889422  0.99923566 -0.00704983 -0.00359424 -3.09205318]]
rotation_vec [[[-0.03129879]
  [ 0.06177594]
  [ 1.55978683]]]
translation_vec [[[ 8.912075  ]
  [-9.21180683]
  [75.67733018]]]
39 camera [[658.80315485   0.         344.222275  ]
 [  0.         651.73143947 204.76256924]
 [  0.           0.           1.        ]]
ndistortion [[ 0.02889422  0.99923566 -0.00704983 -0.00359424 -3.09205318]]
rotation_vec [[[-0.03129879]
  [ 0.06177594]
  [ 1.55978683]]]
translation_vec [[[ 8.912075  ]
  [-9.21180683]
  [75.67733018]]]
40 camera [[658.80315485   0.         344.222275  ]
 [  0.         651.73143947 204.76256924]
 [  0.           0.           1.        ]]
ndistortion [[ 0.02889422  0.99923566 -0.00704983 -0.00359424 -3.09205318]]
rotation_vec [[[-0.03129879]
  [ 0.06177594]
  [ 1.55978683]]]
translation_vec [[[ 8.912075  ]
  [-9.21180683]
  [75.67733018]]]
41 camera [[658.80315485   0.         344.222275  ]
 [  0.         651.73143947 204.76256924]
 [  0.           0.           1.        ]]
ndistortion [[ 0.02889422  0.99923566 -0.00704983 -0.00359424 -3.09205318]] 
rotation_vec [[[-0.03129879]
  [ 0.06177594]
  [ 1.55978683]]]
translation_vec [[[ 8.912075  ]
  [-9.21180683]
  [75.67733018]]]
42 camera [[658.80315485   0.         344.222275  ]
 [  0.         651.73143947 204.76256924]
 [  0.           0.           1.        ]]
ndistortion [[ 0.02889422  0.99923566 -0.00704983 -0.00359424 -3.09205318]]
rotation_vec [[[-0.03129879]
  [ 0.06177594]
  [ 1.55978683]]]
translation_vec [[[ 8.912075  ]
  [-9.21180683]
  [75.67733018]]]
43 camera [[658.80315485   0.         344.222275  ]
 [  0.         651.73143947 204.76256924]
 [  0.           0.           1.        ]]
ndistortion [[ 0.02889422  0.99923566 -0.00704983 -0.00359424 -3.09205318]]
rotation_vec [[[-0.03129879]
  [ 0.06177594]
  [ 1.55978683]]]
translation_vec [[[ 8.912075  ]
  [-9.21180683]
  [75.67733018]]]
44 camera [[658.80315485   0.         344.222275  ]
 [  0.         651.73143947 204.76256924]
 [  0.           0.           1.        ]]
ndistortion [[ 0.02889422  0.99923566 -0.00704983 -0.00359424 -3.09205318]]
rotation_vec [[[-0.03129879]
  [ 0.06177594]
  [ 1.55978683]]]
translation_vec [[[ 8.912075  ]
  [-9.21180683]
  [75.67733018]]]
45 camera [[658.80315485   0.         344.222275  ]
 [  0.         651.73143947 204.76256924]
 [  0.           0.           1.        ]]
ndistortion [[ 0.02889422  0.99923566 -0.00704983 -0.00359424 -3.09205318]]
rotation_vec [[[-0.03129879]
  [ 0.06177594]
  [ 1.55978683]]]
translation_vec [[[ 8.912075  ]
  [-9.21180683]
  [75.67733018]]]
46 camera [[658.80315485   0.         344.222275  ]
 [  0.         651.73143947 204.76256924]
 [  0.           0.           1.        ]]
ndistortion [[ 0.02889422  0.99923566 -0.00704983 -0.00359424 -3.09205318]]
rotation_vec [[[-0.03129879]
  [ 0.06177594]
  [ 1.55978683]]] 
translation_vec [[[ 8.912075  ]
  [-9.21180683]
  [75.67733018]]]
47 camera [[658.80315485   0.         344.222275  ]
 [  0.         651.73143947 204.76256924]
 [  0.           0.           1.        ]]
ndistortion [[ 0.02889422  0.99923566 -0.00704983 -0.00359424 -3.09205318]]
rotation_vec [[[-0.03129879]
  [ 0.06177594]
  [ 1.55978683]]]
translation_vec [[[ 8.912075  ]
  [-9.21180683]
  [75.67733018]]]
48 camera [[658.80315485   0.         344.222275  ]
 [  0.         651.73143947 204.76256924]
 [  0.           0.           1.        ]] 
ndistortion [[ 0.02889422  0.99923566 -0.00704983 -0.00359424 -3.09205318]]
rotation_vec [[[-0.03129879]
  [ 0.06177594]
  [ 1.55978683]]]
translation_vec [[[ 8.912075  ]
  [-9.21180683]
  [75.67733018]]]
49 camera [[658.80315485   0.         344.222275  ]
 [  0.         651.73143947 204.76256924]
 [  0.           0.           1.        ]]
ndistortion [[ 0.02889422  0.99923566 -0.00704983 -0.00359424 -3.09205318]]
rotation_vec [[[-0.03129879]
  [ 0.06177594]
  [ 1.55978683]]]
translation_vec [[[ 8.912075  ]
  [-9.21180683]
  [75.67733018]]]
50 camera [[658.80315485   0.         344.222275  ]
 [  0.         651.73143947 204.76256924]
 [  0.           0.           1.        ]]
ndistortion [[ 0.02889422  0.99923566 -0.00704983 -0.00359424 -3.09205318]]
rotation_vec [[[-0.03129879]
  [ 0.06177594]
  [ 1.55978683]]]
translation_vec [[[ 8.912075  ]
  [-9.21180683]
  [75.67733018]]]
51 camera [[658.80315485   0.         344.222275  ]
 [  0.         651.73143947 204.76256924]
 [  0.           0.           1.        ]]
ndistortion [[ 0.02889422  0.99923566 -0.00704983 -0.00359424 -3.09205318]]
rotation_vec [[[-0.03129879]
  [ 0.06177594]
  [ 1.55978683]]]
translation_vec [[[ 8.912075  ]
  [-9.21180683]
  [75.67733018]]]
52 camera [[658.80315485   0.         344.222275  ]
 [  0.         651.73143947 204.76256924]
 [  0.           0.           1.        ]]
ndistortion [[ 0.02889422  0.99923566 -0.00704983 -0.00359424 -3.09205318]]
rotation_vec [[[-0.03129879]
  [ 0.06177594]
  [ 1.55978683]]] 
translation_vec [[[ 8.912075  ]
  [-9.21180683]
  [75.67733018]]]
53 camera [[658.80315485   0.         344.222275  ]
 [  0.         651.73143947 204.76256924]
 [  0.           0.           1.        ]]
ndistortion [[ 0.02889422  0.99923566 -0.00704983 -0.00359424 -3.09205318]]
rotation_vec [[[-0.03129879]
  [ 0.06177594]
  [ 1.55978683]]]
translation_vec [[[ 8.912075  ]
  [-9.21180683]
  [75.67733018]]]
54 camera [[658.80315485   0.         344.222275  ]
 [  0.         651.73143947 204.76256924]
 [  0.           0.           1.        ]] 
ndistortion [[ 0.02889422  0.99923566 -0.00704983 -0.00359424 -3.09205318]]
rotation_vec [[[-0.03129879]
  [ 0.06177594]
  [ 1.55978683]]]
translation_vec [[[ 8.912075  ]
  [-9.21180683]
  [75.67733018]]]
55 camera [[658.80315485   0.         344.222275  ]
 [  0.         651.73143947 204.76256924]
 [  0.           0.           1.        ]]
ndistortion [[ 0.02889422  0.99923566 -0.00704983 -0.00359424 -3.09205318]]
rotation_vec [[[-0.03129879]
  [ 0.06177594]
  [ 1.55978683]]]
translation_vec [[[ 8.912075  ]
  [-9.21180683]
  [75.67733018]]]
56 camera [[658.80315485   0.         344.222275  ]
 [  0.         651.73143947 204.76256924]
 [  0.           0.           1.        ]]
ndistortion [[ 0.02889422  0.99923566 -0.00704983 -0.00359424 -3.09205318]]
rotation_vec [[[-0.03129879]
  [ 0.06177594]
  [ 1.55978683]]]
translation_vec [[[ 8.912075  ]
  [-9.21180683]
  [75.67733018]]]
57 camera [[658.80315485   0.         344.222275  ]
 [  0.         651.73143947 204.76256924]
 [  0.           0.           1.        ]]
ndistortion [[ 0.02889422  0.99923566 -0.00704983 -0.00359424 -3.09205318]]
rotation_vec [[[-0.03129879]
  [ 0.06177594]
  [ 1.55978683]]]
translation_vec [[[ 8.912075  ]
  [-9.21180683]
  [75.67733018]]]
58 camera [[658.80315485   0.         344.222275  ]
 [  0.         651.73143947 204.76256924]
 [  0.           0.           1.        ]]
ndistortion [[ 0.02889422  0.99923566 -0.00704983 -0.00359424 -3.09205318]]
rotation_vec [[[-0.03129879]
  [ 0.06177594]
  [ 1.55978683]]]
translation_vec [[[ 8.912075  ]
  [-9.21180683]
  [75.67733018]]]
59 camera [[658.80315485   0.         344.222275  ]
 [  0.         651.73143947 204.76256924]
 [  0.           0.           1.        ]]
ndistortion [[ 0.02889422  0.99923566 -0.00704983 -0.00359424 -3.09205318]]
rotation_vec [[[-0.03129879]
  [ 0.06177594]
  [ 1.55978683]]]
translation_vec [[[ 8.912075  ]
  [-9.21180683]
  [75.67733018]]]
60 camera [[658.80315485   0.         344.222275  ]
 [  0.         651.73143947 204.76256924]
 [  0.           0.           1.        ]]
ndistortion [[ 0.02889422  0.99923566 -0.00704983 -0.00359424 -3.09205318]]
rotation_vec [[[-0.03129879]
  [ 0.06177594]
  [ 1.55978683]]]
translation_vec [[[ 8.912075  ]
  [-9.21180683]
  [75.67733018]]]
61 camera [[658.80315485   0.         344.222275  ]
 [  0.         651.73143947 204.76256924]
 [  0.           0.           1.        ]]
ndistortion [[ 0.02889422  0.99923566 -0.00704983 -0.00359424 -3.09205318]]
rotation_vec [[[-0.03129879]
  [ 0.06177594]
  [ 1.55978683]]]
translation_vec [[[ 8.912075  ]
  [-9.21180683]
  [75.67733018]]]
62 camera [[658.80315485   0.         344.222275  ]
 [  0.         651.73143947 204.76256924]
 [  0.           0.           1.        ]]
ndistortion [[ 0.02889422  0.99923566 -0.00704983 -0.00359424 -3.09205318]]
rotation_vec [[[-0.03129879]
  [ 0.06177594]
  [ 1.55978683]]]
translation_vec [[[ 8.912075  ]
  [-9.21180683]
  [75.67733018]]]
63 camera [[658.80315485   0.         344.222275  ]
 [  0.         651.73143947 204.76256924]
 [  0.           0.           1.        ]]
ndistortion [[ 0.02889422  0.99923566 -0.00704983 -0.00359424 -3.09205318]] 
rotation_vec [[[-0.03129879]
  [ 0.06177594]
  [ 1.55978683]]]
translation_vec [[[ 8.912075  ]
  [-9.21180683]
  [75.67733018]]]
64 camera [[658.80315485   0.         344.222275  ]
 [  0.         651.73143947 204.76256924]
 [  0.           0.           1.        ]]
ndistortion [[ 0.02889422  0.99923566 -0.00704983 -0.00359424 -3.09205318]]
rotation_vec [[[-0.03129879]
  [ 0.06177594]
  [ 1.55978683]]]
translation_vec [[[ 8.912075  ]
  [-9.21180683]
  [75.67733018]]]
65 camera [[658.80315485   0.         344.222275  ]
 [  0.         651.73143947 204.76256924]
 [  0.           0.           1.        ]]
ndistortion [[ 0.02889422  0.99923566 -0.00704983 -0.00359424 -3.09205318]]
rotation_vec [[[-0.03129879]
  [ 0.06177594]
  [ 1.55978683]]]
translation_vec [[[ 8.912075  ]
  [-9.21180683]
  [75.67733018]]]
66 camera [[658.80315485   0.         344.222275  ]
 [  0.         651.73143947 204.76256924]
 [  0.           0.           1.        ]]
ndistortion [[ 0.02889422  0.99923566 -0.00704983 -0.00359424 -3.09205318]]
rotation_vec [[[-0.03129879]
  [ 0.06177594]
  [ 1.55978683]]] 
translation_vec [[[ 8.912075  ]
  [-9.21180683]
  [75.67733018]]]
67 camera [[658.80315485   0.         344.222275  ]
 [  0.         651.73143947 204.76256924]
 [  0.           0.           1.        ]]
ndistortion [[ 0.02889422  0.99923566 -0.00704983 -0.00359424 -3.09205318]]
rotation_vec [[[-0.03129879]
  [ 0.06177594]
  [ 1.55978683]]]
translation_vec [[[ 8.912075  ]
  [-9.21180683]
  [75.67733018]]]
68 camera [[658.80315485   0.         344.222275  ]
 [  0.         651.73143947 204.76256924]
 [  0.           0.           1.        ]]
ndistortion [[ 0.02889422  0.99923566 -0.00704983 -0.00359424 -3.09205318]]
rotation_vec [[[-0.03129879]
  [ 0.06177594]
  [ 1.55978683]]]
translation_vec [[[ 8.912075  ]
  [-9.21180683]
  [75.67733018]]]
69 camera [[658.80315485   0.         344.222275  ]
 [  0.         651.73143947 204.76256924]
 [  0.           0.           1.        ]]
ndistortion [[ 0.02889422  0.99923566 -0.00704983 -0.00359424 -3.09205318]] 
rotation_vec [[[-0.03129879]
  [ 0.06177594]
  [ 1.55978683]]]
translation_vec [[[ 8.912075  ]
  [-9.21180683]
  [75.67733018]]]
70 camera [[658.80315485   0.         344.222275  ]
 [  0.         651.73143947 204.76256924]
 [  0.           0.           1.        ]]
ndistortion [[ 0.02889422  0.99923566 -0.00704983 -0.00359424 -3.09205318]] 
rotation_vec [[[-0.03129879]
  [ 0.06177594]
  [ 1.55978683]]]
translation_vec [[[ 8.912075  ]
  [-9.21180683]
  [75.67733018]]]
71 camera [[658.80315485   0.         344.222275  ]
 [  0.         651.73143947 204.76256924]
 [  0.           0.           1.        ]]
ndistortion [[ 0.02889422  0.99923566 -0.00704983 -0.00359424 -3.09205318]]
rotation_vec [[[-0.03129879]
  [ 0.06177594]
  [ 1.55978683]]]
translation_vec [[[ 8.912075  ]
  [-9.21180683]
  [75.67733018]]]
72 camera [[658.80315485   0.         344.222275  ]
 [  0.         651.73143947 204.76256924]
 [  0.           0.           1.        ]]
ndistortion [[ 0.02889422  0.99923566 -0.00704983 -0.00359424 -3.09205318]]
rotation_vec [[[-0.03129879]
  [ 0.06177594]
  [ 1.55978683]]]
translation_vec [[[ 8.912075  ]
  [-9.21180683]
  [75.67733018]]]
73 camera [[658.80315485   0.         344.222275  ]
 [  0.         651.73143947 204.76256924]
 [  0.           0.           1.        ]]
ndistortion [[ 0.02889422  0.99923566 -0.00704983 -0.00359424 -3.09205318]]
rotation_vec [[[-0.03129879]
  [ 0.06177594]
  [ 1.55978683]]] 
translation_vec [[[ 8.912075  ]
  [-9.21180683]
  [75.67733018]]]
74 camera [[658.80315485   0.         344.222275  ]
 [  0.         651.73143947 204.76256924]
 [  0.           0.           1.        ]]
ndistortion [[ 0.02889422  0.99923566 -0.00704983 -0.00359424 -3.09205318]]
rotation_vec [[[-0.03129879]
  [ 0.06177594]
  [ 1.55978683]]]
translation_vec [[[ 8.912075  ]
  [-9.21180683]
  [75.67733018]]]
75 camera [[658.80315485   0.         344.222275  ]
 [  0.         651.73143947 204.76256924]
 [  0.           0.           1.        ]]
ndistortion [[ 0.02889422  0.99923566 -0.00704983 -0.00359424 -3.09205318]] 
rotation_vec [[[-0.03129879]
  [ 0.06177594]
  [ 1.55978683]]]
translation_vec [[[ 8.912075  ]
  [-9.21180683]
  [75.67733018]]]
76 camera [[658.80315485   0.         344.222275  ]
 [  0.         651.73143947 204.76256924]
 [  0.           0.           1.        ]]
ndistortion [[ 0.02889422  0.99923566 -0.00704983 -0.00359424 -3.09205318]]
rotation_vec [[[-0.03129879]
  [ 0.06177594]
  [ 1.55978683]]]
translation_vec [[[ 8.912075  ]
  [-9.21180683]
  [75.67733018]]]
77 camera [[658.80315485   0.         344.222275  ]
 [  0.         651.73143947 204.76256924]
 [  0.           0.           1.        ]] 
ndistortion [[ 0.02889422  0.99923566 -0.00704983 -0.00359424 -3.09205318]]
rotation_vec [[[-0.03129879]
  [ 0.06177594]
  [ 1.55978683]]]
translation_vec [[[ 8.912075  ]
  [-9.21180683]
  [75.67733018]]]
78 camera [[658.80315485   0.         344.222275  ]
 [  0.         651.73143947 204.76256924]
 [  0.           0.           1.        ]]
ndistortion [[ 0.02889422  0.99923566 -0.00704983 -0.00359424 -3.09205318]]
rotation_vec [[[-0.03129879]
  [ 0.06177594]
  [ 1.55978683]]]
translation_vec [[[ 8.912075  ]
  [-9.21180683]
  [75.67733018]]]
79 camera [[658.80315485   0.         344.222275  ]
 [  0.         651.73143947 204.76256924]
 [  0.           0.           1.        ]]
ndistortion [[ 0.02889422  0.99923566 -0.00704983 -0.00359424 -3.09205318]]
rotation_vec [[[-0.03129879]
  [ 0.06177594]
  [ 1.55978683]]]
translation_vec [[[ 8.912075  ]
  [-9.21180683]
  [75.67733018]]]
80 camera [[658.80315485   0.         344.222275  ]
 [  0.         651.73143947 204.76256924]
 [  0.           0.           1.        ]]
ndistortion [[ 0.02889422  0.99923566 -0.00704983 -0.00359424 -3.09205318]]
rotation_vec [[[-0.03129879]
  [ 0.06177594]
  [ 1.55978683]]]
translation_vec [[[ 8.912075  ]
  [-9.21180683]
  [75.67733018]]]
81 camera [[658.80315485   0.         344.222275  ]
 [  0.         651.73143947 204.76256924]
 [  0.           0.           1.        ]]
ndistortion [[ 0.02889422  0.99923566 -0.00704983 -0.00359424 -3.09205318]]
rotation_vec [[[-0.03129879]
  [ 0.06177594]
  [ 1.55978683]]] 
translation_vec [[[ 8.912075  ]
  [-9.21180683]
  [75.67733018]]]
82 camera [[658.80315485   0.         344.222275  ]
 [  0.         651.73143947 204.76256924]
 [  0.           0.           1.        ]]
ndistortion [[ 0.02889422  0.99923566 -0.00704983 -0.00359424 -3.09205318]]
rotation_vec [[[-0.03129879]
  [ 0.06177594]
  [ 1.55978683]]]
translation_vec [[[ 8.912075  ]
  [-9.21180683]
  [75.67733018]]]
83 camera [[658.80315485   0.         344.222275  ]
 [  0.         651.73143947 204.76256924]
 [  0.           0.           1.        ]]
ndistortion [[ 0.02889422  0.99923566 -0.00704983 -0.00359424 -3.09205318]]
rotation_vec [[[-0.03129879]
  [ 0.06177594]
  [ 1.55978683]]]
translation_vec [[[ 8.912075  ]
  [-9.21180683]
  [75.67733018]]]
84 camera [[658.80315485   0.         344.222275  ]
 [  0.         651.73143947 204.76256924]
 [  0.           0.           1.        ]]
ndistortion [[ 0.02889422  0.99923566 -0.00704983 -0.00359424 -3.09205318]]
rotation_vec [[[-0.03129879]
  [ 0.06177594]
  [ 1.55978683]]]
translation_vec [[[ 8.912075  ]
  [-9.21180683]
  [75.67733018]]]
85 camera [[658.80315485   0.         344.222275  ]
 [  0.         651.73143947 204.76256924]
 [  0.           0.           1.        ]]
ndistortion [[ 0.02889422  0.99923566 -0.00704983 -0.00359424 -3.09205318]] 
rotation_vec [[[-0.03129879]
  [ 0.06177594]
  [ 1.55978683]]]
translation_vec [[[ 8.912075  ]
  [-9.21180683]
  [75.67733018]]]
86 camera [[658.80315485   0.         344.222275  ]
 [  0.         651.73143947 204.76256924]
 [  0.           0.           1.        ]]
ndistortion [[ 0.02889422  0.99923566 -0.00704983 -0.00359424 -3.09205318]]
rotation_vec [[[-0.03129879]
  [ 0.06177594]
  [ 1.55978683]]]
translation_vec [[[ 8.912075  ]
  [-9.21180683]
  [75.67733018]]]
87 camera [[658.80315485   0.         344.222275  ]
 [  0.         651.73143947 204.76256924]
 [  0.           0.           1.        ]]
ndistortion [[ 0.02889422  0.99923566 -0.00704983 -0.00359424 -3.09205318]]
rotation_vec [[[-0.03129879]
  [ 0.06177594]
  [ 1.55978683]]]
translation_vec [[[ 8.912075  ]
  [-9.21180683]
  [75.67733018]]]
88 camera [[658.80315485   0.         344.222275  ]
 [  0.         651.73143947 204.76256924]
 [  0.           0.           1.        ]]
ndistortion [[ 0.02889422  0.99923566 -0.00704983 -0.00359424 -3.09205318]] 
rotation_vec [[[-0.03129879]
  [ 0.06177594]
  [ 1.55978683]]]
translation_vec [[[ 8.912075  ]
  [-9.21180683]
  [75.67733018]]]
89 camera [[658.80315485   0.         344.222275  ]
 [  0.         651.73143947 204.76256924]
 [  0.           0.           1.        ]]
ndistortion [[ 0.02889422  0.99923566 -0.00704983 -0.00359424 -3.09205318]]
rotation_vec [[[-0.03129879]
  [ 0.06177594]
  [ 1.55978683]]] 
translation_vec [[[ 8.912075  ]
  [-9.21180683]
  [75.67733018]]]
90 camera [[658.80315485   0.         344.222275  ]
 [  0.         651.73143947 204.76256924]
 [  0.           0.           1.        ]] 
ndistortion [[ 0.02889422  0.99923566 -0.00704983 -0.00359424 -3.09205318]]
rotation_vec [[[-0.03129879]
  [ 0.06177594]
  [ 1.55978683]]]
translation_vec [[[ 8.912075  ]
  [-9.21180683]
  [75.67733018]]]
91 camera [[658.80315485   0.         344.222275  ]
 [  0.         651.73143947 204.76256924]
 [  0.           0.           1.        ]]
ndistortion [[ 0.02889422  0.99923566 -0.00704983 -0.00359424 -3.09205318]]
rotation_vec [[[-0.03129879]
  [ 0.06177594]
  [ 1.55978683]]]
translation_vec [[[ 8.912075  ]
  [-9.21180683]
  [75.67733018]]]
92 camera [[658.80315485   0.         344.222275  ]
 [  0.         651.73143947 204.76256924]
 [  0.           0.           1.        ]]
ndistortion [[ 0.02889422  0.99923566 -0.00704983 -0.00359424 -3.09205318]]
rotation_vec [[[-0.03129879]
  [ 0.06177594]
  [ 1.55978683]]] 
translation_vec [[[ 8.912075  ]
  [-9.21180683]
  [75.67733018]]]
93 camera [[658.80315485   0.         344.222275  ]
 [  0.         651.73143947 204.76256924]
 [  0.           0.           1.        ]]
ndistortion [[ 0.02889422  0.99923566 -0.00704983 -0.00359424 -3.09205318]]
rotation_vec [[[-0.03129879]
  [ 0.06177594]
  [ 1.55978683]]]
translation_vec [[[ 8.912075  ]
  [-9.21180683]
  [75.67733018]]]
94 camera [[658.80315485   0.         344.222275  ]
 [  0.         651.73143947 204.76256924]
 [  0.           0.           1.        ]]
ndistortion [[ 0.02889422  0.99923566 -0.00704983 -0.00359424 -3.09205318]]
rotation_vec [[[-0.03129879]
  [ 0.06177594]
  [ 1.55978683]]]
translation_vec [[[ 8.912075  ]
  [-9.21180683]
  [75.67733018]]]